[ 2][   1]: 2, 1;
[ 3][   2]: 3, 1, 2;
[ 5][   7]: 3, 1, 4, 5, 2;
[ 7][  16]: 3, 1, 4, 6, 7, 5, 2;
[11][  51]: 4, 9, 11, 6, 10, 7, 8, 2, 1, 3, 5;
[13][  80]: 2, 9, 4, 5, 11, 12, 10, 1, 8, 13, 3, 6, 7;
[17][ 115]: 8, 17, 15, 11, 2, 6, 14, 4, 3, 5, 13, 1, 16, 9, 7, 10, 12;
[19][ 146]: 18, 13, 19, 11, 2, 16, 3, 1, 4, 5, 12, 17, 14, 6, 15, 7, 9, 8, 10;
[23][ 204]: 12, 1, 19, 4, 18, 3, 10, 9, 17, 20, 8, 2, 13, 14, 23, 5, 15, 16, 11, 22, 21, 7, 6;
[29][ 280]: 3, 16, 23, 5, 11, 18, 7, 29, 22, 10, 12, 28, 15, 19, 9, 1, 26, 27, 6, 4, 21, 24, 13, 8, 14, 20, 2, 17, 25;
[31][ 347]: 29, 1, 18, 14, 11, 15, 12, 10, 8, 31, 17, 3, 25, 26, 16, 4, 23, 19, 20, 21, 13, 22, 9, 6, 2, 5, 7, 24, 30, 27, 28;
[37][ 413]: 19, 8, 13, 28, 5, 32, 2, 16, 3, 30, 20, 18, 23, 11, 4, 33, 1, 6, 25, 36, 15, 22, 7, 26, 9, 34, 14, 27, 10, 12, 24, 31, 35, 37, 21, 17, 29;
[41][ 541]: 35, 14, 22, 8, 16, 40, 4, 28, 25, 41, 18, 7, 36, 3, 12, 37, 15, 6, 29, 32, 26, 1, 27, 2, 34, 20, 23, 39, 30, 31, 17, 19, 38, 9, 33, 10, 24, 5, 21, 13, 11;
[43][ 541]: 30, 42, 40, 9, 35, 25, 21, 4, 29, 2, 27, 38, 33, 5, 39, 11, 6, 20, 34, 43, 36, 26, 7, 32, 37, 28, 8, 1, 41, 14, 12, 23, 19, 16, 24, 31, 17, 18, 3, 15, 13, 10, 22;
[47][ 649]: 7, 35, 12, 15, 6, 40, 32, 24, 46, 22, 23, 5, 39, 8, 19, 18, 31, 28, 25, 10, 4, 34, 29, 41, 21, 44, 33, 42, 17, 47, 43, 27, 2, 36, 26, 16, 14, 37, 20, 9, 45, 3, 13, 38, 30, 1, 11;
[53][ 762]: 36, 45, 30, 43, 13, 41, 33, 3, 18, 7, 5, 49, 25, 20, 31, 6, 16, 12, 44, 21, 51, 14, 40, 15, 42, 28, 35, 11, 38, 53, 19, 2, 22, 9, 48, 10, 37, 17, 50, 26, 46, 23, 34, 8, 32, 24, 39, 27, 29, 4, 52, 1, 47;
[59][ 854]: 8, 32, 10, 2, 52, 16, 56, 18, 19, 48, 3, 36, 49, 51, 58, 35, 11, 40, 26, 34, 9, 22, 59, 42, 44, 29, 20, 54, 5, 21, 27, 23, 30, 7, 53, 57, 4, 33, 45, 38, 37, 14, 1, 28, 39, 15, 41, 6, 25, 31, 47, 13, 46, 17, 24, 55, 50, 43, 12;
[61][ 878]: 27, 5, 30, 51, 59, 58, 60, 4, 9, 7, 38, 55, 17, 26, 48, 20, 15, 36, 16, 45, 8, 14, 56, 24, 52, 39, 10, 6, 22, 40, 21, 42, 29, 31, 54, 35, 13, 3, 33, 34, 49, 50, 2, 12, 25, 18, 47, 46, 41, 19, 44, 32, 53, 11, 23, 43, 1, 57, 28, 37, 61;
[67][1149]: 55, 15, 12, 34, 40, 49, 41, 29, 10, 13, 19, 5, 67, 27, 60, 26, 1, 64, 16, 66, 21, 53, 37, 45, 20, 22, 8, 3, 58, 47, 54, 23, 32, 59, 51, 57, 11, 9, 42, 33, 61, 6, 43, 38, 2, 24, 52, 4, 30, 18, 39, 17, 14, 25, 46, 36, 35, 7, 31, 63, 50, 48, 44, 62, 56, 28, 65;
[71][1164]: 11, 20, 13, 66, 14, 49, 48, 45, 7, 54, 53, 22, 10, 4, 59, 52, 61, 2, 58, 37, 19, 21, 23, 18, 70, 71, 1, 50, 31, 16, 46, 5, 36, 55, 69, 60, 47, 12, 9, 27, 15, 26, 41, 65, 40, 24, 63, 34, 56, 30, 33, 8, 35, 42, 3, 51, 43, 28, 44, 39, 29, 64, 6, 62, 25, 57, 17, 38, 67, 32, 68;
[73][1087]: 49, 5, 14, 53, 72, 6, 19, 55, 68, 44, 13, 61, 52, 22, 11, 28, 63, 50, 65, 47, 33, 58, 59, 45, 39, 37, 7, 23, 30, 51, 31, 36, 17, 2, 26, 34, 9, 8, 10, 21, 12, 64, 60, 43, 4, 15, 66, 57, 16, 18, 56, 27, 3, 62, 40, 67, 38, 35, 29, 1, 73, 71, 69, 41, 20, 25, 70, 42, 48, 24, 54, 32, 46;
[79][1350]: 65, 10, 31, 66, 28, 42, 59, 38, 60, 69, 63, 67, 14, 23, 6, 77, 78, 45, 62, 40, 30, 21, 9, 76, 74, 32, 26, 51, 4, 70, 48, 20, 7, 75, 3, 22, 36, 27, 52, 35, 41, 71, 61, 24, 37, 53, 33, 47, 54, 73, 49, 79, 43, 39, 1, 55, 16, 64, 25, 18, 11, 46, 72, 12, 57, 8, 19, 5, 29, 68, 13, 15, 56, 58, 44, 34, 50, 2, 17;
[83][1303]: 70, 83, 50, 40, 58, 44, 80, 25, 4, 61, 5, 18, 52, 43, 38, 46, 36, 49, 7, 69, 78, 56, 73, 66, 29, 62, 57, 27, 32, 26, 8, 41, 60, 11, 15, 2, 17, 42, 31, 28, 14, 16, 12, 54, 48, 6, 67, 23, 79, 34, 71, 65, 51, 3, 55, 21, 39, 75, 53, 1, 59, 33, 82, 19, 13, 63, 45, 68, 81, 77, 64, 76, 22, 9, 74, 24, 30, 35, 20, 37, 47, 72, 10;
[89][1839]: 28, 42, 14, 2, 72, 82, 47, 50, 66, 77, 21, 74, 65, 7, 26, 9, 84, 67, 17, 79, 85, 48, 5, 86, 10, 15, 6, 44, 11, 88, 32, 57, 45, 61, 71, 34, 39, 63, 75, 59, 69, 54, 70, 56, 62, 33, 29, 41, 20, 38, 36, 19, 53, 58, 3, 18, 76, 46, 27, 83, 51, 1, 22, 78, 55, 87, 8, 4, 60, 40, 89, 37, 35, 73, 49, 12, 24, 25, 30, 23, 43, 52, 16, 64, 31, 68, 13, 81, 80;
[97][1963]: 23, 58, 13, 56, 28, 8, 96, 86, 77, 47, 6, 33, 72, 89, 75, 60, 36, 78, 34, 49, 21, 97, 83, 32, 37, 29, 42, 62, 71, 70, 16, 43, 91, 82, 68, 31, 79, 53, 3, 61, 54, 12, 46, 59, 57, 87, 69, 5, 4, 48, 20, 24, 93, 2, 25, 18, 55, 67, 66, 15, 17, 39, 81, 95, 26, 1, 94, 65, 14, 64, 9, 19, 80, 11, 84, 50, 90, 76, 45, 73, 44, 38, 52, 92, 51, 27, 35, 74, 22, 85, 10, 30, 41, 40, 63, 7, 88;
